Method Name : GetBooks
ResponseTime : 371.389674
ID : 7431edbc-322b-436d-885e-a643962cd9dd

Method Name : CreateBook
ResponseTime : 388.671699
ID : 61ab28d6-af55-40d9-938a-cd9c0a557ff4

Method Name : GetBooks
ResponseTime : 63.719453
ID : 11f9bf0e-6e34-4c42-91ab-925052fe822d

